900600
900700
900800
900900
800100
800200
800300
800400
800500
800600
800700
800800
800900
900100
900200
900300
900400
900500
600100
600200
600300
600400
600500
600600
600700
600800
600900
700100
700200
700300
700400
700500
700600
700700
700800
700900
800100
100100
100200
100300
100400
100500
100600
100700
100800
100900
200100
200200
200300
200400
200500
200600
200700
200800
200900
300100
300200
300300
300400
300500
300600
300700
300800
300900
400100
400200
400300
400400
400500
400600
400700
400800
400900
500100
500200
500300
500400
500500
500600
500700
500800
500900
